image_width: 640
image_height: 360
camera_name: narrow_stereo
camera_matrix:
  rows: 3
  cols: 3
  data: [345.556750, 0.000000, 314.598659, 0.000000, 350.877133, 190.325235, 0.000000, 0.000000, 1.000000]
distortion_model: plumb_bob
distortion_coefficients:
  rows: 1
  cols: 5
  data: [-0.255510, 0.058208, 0.001160, -0.001000, 0.000000]
rectification_matrix:
  rows: 3
  cols: 3
  data: [1.000000, 0.000000, 0.000000, 0.000000, 1.000000, 0.000000, 0.000000, 0.000000, 1.000000]
projection_matrix:
  rows: 3
  cols: 4
  data: [257.173126, 0.000000, 309.805703, 0.000000, 0.000000, 324.842407, 192.511675, 0.000000, 0.000000, 0.000000, 1.000000, 0.000000]
